0,458
0,457
52,3
52,2
52,1
52,0
51,3
51,2
0,456
51,1
51,0
0,455
0,454
0,453
50,3
50,2
0,452
50,1
50,0
0,451
0,450
0,449
49,3
49,2
0,448
49,1
49,0
0,447
0,446
0,445
48,3
48,2
0,444
48,1
48,0
0,443
0,442
0,441
47,3
47,2
0,440
47,1
47,0
0,439
0,438
0,437
46,3
46,2
0,436
46,1
46,0
0,435
0,434
0,433
45,3
45,2
0,432
45,1
45,0
0,431
0,430
0,429
44,3
44,2
0,428
44,1
44,0
0,427
0,426
0,425
43,3
43,2
0,424
43,1
43,0
0,423
0,422
0,421
42,3
42,2
0,420
42,1
42,0
0,419
0,418
0,417
41,3
41,2
0,416
41,1
41,0
0,415
0,414
0,413
40,3
40,2
0,412
0,411
40,1
40,0
0,410
0,409
0,408
39,3
39,2
0,407
39,1
39,0
0,406
0,405
0,404
38,3
38,2
0,403
38,1
